1
2
3
4
5
6
9
10
11
12
34
35
40
41
47
48
51
52
53
54
56
57
58
59
69
70
71
73
75
77
83
86
87
88
89
90
95
96
100
102
103
104
107
108
111
112
114
116
118
121
124
130
131
133
134
135
137
139
140
142
143
145
147
148
150
151
157
161
162
163
164
166
167
168
169
170
172
173
175
177
181
183
184
186
187
188
190
191
192
193
196
200
205
206
208
209
210
211
212
214
215
216
217
218
219
220
222
223
225
227
228
229
230
233
234
235
236
238
240
242
244
245
246
247
248
249
250
254
255
257
258
259
260
265
266
268
269
270
271
272
274
275
276
278
287
288
289
290
291
294
295
302
303
304
305
306
307
308
309
310
311
314
315
317
318
321
322
323
327
328
333
336
338
339
340
346
347
348
349
351
352
353
354
355
360
366
367
370
377
380
381
382
383
384
385
392
394
395
399
400
401
402
403
404
405
407
408
417
419
421
422
424
425
431
438
439
440
441
442
444
445
452
456
457
458
459
461
464
465
466
469
471
472
485
490
492
493
494
500
501
502
504
505
511
512
513
515
516
520
521
525
536
539
540
541
546
547
548
549
550
551
552
553
554
556
558
560
564
566
568
569
570
577
578
579
580
585
586
587
588
592
593
596
597
601
604
611
612
613
614
615
618
619
620
621
623
625
632
638
639
644
645
646
647
649
650
651
653
656
657
662
667
668
669
671
673
681
682
684
685
688
689
690
691
692
698
700
701
703
704
705
710
712
713
714
718
719
724
727
728
730
732
733
734
736
739
745
747
748
749
750
752
755
760
762
763
764
771
776
777
778
780
781
782
783
784
788
789
797
799
801
802
803
804
806
810
812
813
814
815
820
821
826
827
829
830
831
832
834
841
842
847
848
850
853
858
861
862
863
869
872
876
877
882
884
886
889
892
897
900
901
904
907
908
910
913
914
915
925
926
927
928
933
934
936
941
943
944
945
948
949
955
957
958
959
962
963
964
970
971
975
978
984
986
988
991
995
998
999
1000
1002
1003
1004
1008
1009
1013
1015
1016
1020
1022
1024
1025
1027
1029
1030
1031
1032
1034
1037
1041
1042
1046
1048
1049
1055
1056
1058
1059
1064
1066
1069
1070
1071
1072
1074
1076
1077
1079
1080
1087
1089
1092
1095
1096
1098
1099
1101
1102
1103
1105
1106
1109
1112
1113
1116
1118
1119
1121
1122
1124
1125
1126
1127
1128
1129
1131
1136
1140
1142
1143
1145
1146
1148
1151
1154
1155
1158
1161
1170
1173
1174
1175
1176
1177
1178
1179
1182
1183
1184
1185
1187
1189
1191
1193
1198
1200
1202
1203
1210
1211
1212
1215
1216
1217
1218
1220
1222
1223
1224
1225
1228
1229
1230
1231
1233
1235
1237
1238
1241
1242
1244
1245
1246
1247
1251
1253
hede
16
17
18
33
44
64
65
66
67
80
98
105
120
122
123
132
152
153
155
165
195
197
198
202
241
251
252
253
261
262
263
264
280
281
282
283
284
292
296
297
298
299
300
301
312
324
325
326
329
331
332
342
343
344
345
356
357
358
359
363
371
372
373
374
375
387
388
389
390
391
397
398
409
410
411
412
413
414
415
423
429
432
433
434
435
436
448
449
450
460
462
463
475
476
477
478
479
480
481
482
483
484
495
496
497
498
507
508
509
510
522
523
524
527
528
529
533
534
535
542
543
544
545
559
561
562
563
571
572
573
574
575
590
591
595
598
605
606
607
608
609
624
626
627
628
629
634
641
642
643
654
659
660
663
664
674
675
676
677
678
687
693
695
696
706
707
708
722
723
726
729
740
741
742
743
753
754
759
761
772
774
775
785
786
787
793
794
795
796
807
808
809
822
825
836
837
838
839
840
852
854
859
860
867
868
870
871
887
888
895
905
906
918
919
920
930
931
939
940
942
956
968
969
972
973
987
989
990
992
993
994
1007
1010
1036
1038
1039
1052
1053
1057
1060
1061
1068
1082
1094
1100
1104
1114
1115
1133
1134
1135
1137
1138
1157
1159
1160
1165
1180
1195
1196
1201
1206
