9
10
11
12
13
14
15
16
17
18
19
22
23
24
25
26
27
28
29
30
45
46
47
58
59
60
61
62
63
64
65
66
67
68
69
70
71
83
84
85
87
88
91
92
93
103
104
116
117
119
120
121
122
123
124
125
126
127
128
129
130
131
134
135
136
137
138
139
151
152
153
164
165
166
167
168
169
170
171
172
175
176
177
178
179
180
181
182
183
184
185
186
196
197
198
200
201
202
203
214
219
223
224
225
226
227
228
229
230
231
232
241
242
243
244
245
246
247
262
264
265
266
267
268
269
270
271
272
281
282
283
286
287
288
299
304
313
314
315
316
317
318
319
320
321
323
324
328
329
342
345
346
347
348
349
355
356
357
358
367
368
371
372
373
388
389
390
391
392
393
396
397
398
409
410
417
418
432
433
434
438
439
440
441
451
452
454
455
458
459
461
473
474
476
477
478
479
483
484
495
496
497
498
501
502
503
514
516
518
519
520
521
523
535
536
537
538
539
542
543
544
555
556
561
562
565
566
567
570
571
581
582
583
584
585
586
588
600
602
605
606
608
609
610
612
613
623
624
625
626
629
630
631
632
646
647
648
649
652
653
663
664
665
666
670
671
672
673
685
686
689
690
691
692
693
695
697
698
699
700
710
711
715
716
717
729
730
733
734
735
736
740
741
742
743
754
755
756
758
759
760
771
772
773
774
775
776
777
778
783
784
785
786
787
797
798
799
802
803
804
815
817
818
819
821
824
825
826
837
838
839
841
843
844
845
846
847
858
860
862
863
864
865
868
869
870
880
881
883
884
885
886
887
888
889
901
902
903
907
908
909
910
920
921
922
924
927
928
929
940
941
942
943
945
946
947
949
952
953
954
965
966
969
970
971
972
983
985
988
989
991
992
1017
1018
1019
1020
1021
1022
1023
1024
1025
1027
1028
1031
1032
1035
1038
1039
1049
1060
1061
1062
1063
1067
1068
1069
1071
1072
1076
1077
1079
1080
1081
1082
1083
1085
1086
1087
1088
1089
1090
1101
1102
1113
1114
1115
1118
1119
1121
1122
1123
1124
1125
1126
1128
1129
1131
1140
1141
1142
1143
1144
1155
1156
1157
1158
1160
1161
1163
1164
1165
1166
1167
1168
1170
1172
1173
1174
1175
1176
1177
1187
1188
1189
1190
1202
1203
1205
1206
1207
1209
1210
1211
1212
1215
1216
1217
1218
1219
1229
1230
1241
1242
1243
1244
1247
1249
1250
1251
1252
1253
1254
1255
1256
1257
1258
1269
1270
1271
1272
1273
1274
1275
1276
1288
1289
1290
1291
1292
1293
1294
1295
1296
1298
1299
1300
1301
1311
1312
1313
1314
1315
1327
1328
1329
1330
1331
1332
1333
1334
1336
1337
1338
1339
1349
1360
1361
1362
1363
1364
1365
1366
1367
1368
1370
1371
1372
1373
1374
1375
hede
20
21
43
44
48
86
89
90
105
132
133
174
215
216
217
218
221
258
259
260
261
284
285
300
301
302
326
327
340
341
343
351
352
353
354
384
385
386
394
395
412
413
414
415
416
430
431
435
436
437
456
457
472
480
481
482
499
500
515
517
522
540
541
557
558
559
560
563
564
569
601
603
604
611
627
628
645
650
651
667
668
669
687
688
696
712
713
714
731
732
738
739
757
781
782
800
801
816
822
823
842
859
861
866
867
905
923
925
926
967
968
984
990
994
995
1016
1033
