1
2
3
4
5
7
9
10
11
12
13
14
15
17
18
19
20
21
22
23
25
26
27
33
34
35
37
38
39
40
41
42
53
54
55
56
59
60
64
65
66
67
68
69
70
74
88
91
96
97
98
99
100
101
102
103
105
120
123
127
128
129
130
131
132
133
134
135
137
151
152
154
155
160
161
162
163
164
165
166
168
169
182
183
184
185
186
187
191
192
193
194
195
197
200
213
214
215
216
217
218
222
223
224
225
226
231
245
247
248
249
250
253
254
255
256
259
260
262
263
279
280
281
282
285
286
287
288
291
292
293
310
311
312
313
314
316
317
318
319
321
322
323
324
342
343
344
345
348
349
351
352
353
355
374
375
376
377
379
380
382
383
384
385
386
403
404
407
408
409
411
412
414
415
416
417
418
435
436
437
438
439
440
442
443
444
445
446
447
448
449
468
469
470
471
475
476
477
479
480
501
502
506
507
508
510
511
512
534
535
537
538
539
540
541
542
543
565
566
568
569
570
571
572
573
599
600
601
602
603
604
630
632
633
634
662
hede
46
47
48
49
50
78
79
80
81
82
83
109
110
111
112
113
114
115
140
141
142
143
144
145
170
171
172
173
174
175
176
177
202
203
204
205
206
207
208
209
210
233
234
235
236
237
238
239
240
242
265
266
267
268
269
270
271
274
275
296
297
298
299
300
301
302
304
306
328
329
330
332
333
335
336
337
360
361
364
365
366
367
392
393
394
395
396
399
424
425
426
427
428
430
457
458
459
489
490
491
492
493
494
495
496
528
529
530
561
562
563
564
579
580
581
582
583
584
585
596
610
611
612
613
617
618
619
620
625
626
627
628
640
641
642
645
651
652
653
654
655
656
657
658
659
660
669
670
671
674
675
677
678
681
682
685
686
687
688
689
690
691
692
699
700
707
708
710
713
718
719
720
721
722
723
724
729
730
741
742
743
745
746
747
750
751
752
753
754
755
